5.956999999999984582e-15 1.742959315027956677e+02 2.036715040824182144e-01 5.118875201154541976e+00
7.284920771310117230e-15 1.742959315027897560e+02 2.036715040824112477e-01 5.118875201154657439e+00
8.908858593967721496e-15 1.742959315027897560e+02 2.036715040824112477e-01 5.118875201154657439e+00
1.089480090983049439e-14 1.742959315027897560e+02 2.036715040824112477e-01 5.118875201154657439e+00
1.332344492988294893e-14 1.742959315027897560e+02 2.036715040824112477e-01 5.118875201154657439e+00
1.629347670221778585e-14 1.742959315027897560e+02 2.036715040824112477e-01 5.118875201154657439e+00
1.992558114232736413e-14 1.742959315027898413e+02 2.036715040824113587e-01 5.118875201154654775e+00
2.436734597014707618e-14 1.742959315027898413e+02 2.036715040824113587e-01 5.118875201154654775e+00
2.979925882149147801e-14 1.742959315027898413e+02 2.036715040824113587e-01 5.118875201154654775e+00
3.644204122181132147e-14 1.742959315027899265e+02 2.036715040824114697e-01 5.118875201154654775e+00
4.456561743255220627e-14 1.742959315027899265e+02 2.036715040824114697e-01 5.118875201154654775e+00
5.450008261216394388e-14 1.742959315027899834e+02 2.036715040824115530e-01 5.118875201154652999e+00
6.664911597439507081e-14 1.742959315027900971e+02 2.036715040824116640e-01 5.118875201154651222e+00
8.150638397705731750e-14 1.742959315027900971e+02 2.036715040824116640e-01 5.118875201154651222e+00
9.967560007199000218e-14 1.742959315027902960e+02 2.036715040824118861e-01 5.118875201154647669e+00
1.218950561284609594e-13 1.742959315027903529e+02 2.036715040824119416e-01 5.118875201154646781e+00
1.490676223451804667e-13 1.742959315027904665e+02 2.036715040824120526e-01 5.118875201154644117e+00
1.822974346738660492e-13 1.742959315027906939e+02 2.036715040824123579e-01 5.118875201154639676e+00
2.229347605190866482e-13 1.742959315027908929e+02 2.036715040824125800e-01 5.118875201154637011e+00
2.726308657969690676e-13 1.742959315027911202e+02 2.036715040824128575e-01 5.118875201154630794e+00
3.334051128327356187e-13 1.742959315027913760e+02 2.036715040824131628e-01 5.118875201154626353e+00
4.077270155676002735e-13 1.742959315027918308e+02 2.036715040824136902e-01 5.118875201154618360e+00
4.986165863241064146e-13 1.742959315027922287e+02 2.036715040824141620e-01 5.118875201154609478e+00
6.097670516421434982e-13 1.742959315027928540e+02 2.036715040824148837e-01 5.118875201154597043e+00
7.456949236475391420e-13 1.742959315027935077e+02 2.036715040824156608e-01 5.118875201154583721e+00
9.119235249858121470e-13 1.742959315027944172e+02 2.036715040824167156e-01 5.118875201154566845e+00
1.115207424713026669e-12 1.742959315027954119e+02 2.036715040824178813e-01 5.118875201154548193e+00
1.363806904920465345e-12 1.742959315027967193e+02 2.036715040824193801e-01 5.118875201154523324e+00
1.667823610829491912e-12 1.742959315027982541e+02 2.036715040824211842e-01 5.118875201154491350e+00
2.039611023235400213e-12 1.742959315028001868e+02 2.036715040824234324e-01 5.118875201154454935e+00
2.494276432526554871e-12 1.742959315028024889e+02 2.036715040824261247e-01 5.118875201154410526e+00
3.050294811600141263e-12 1.742959315028053311e+02 2.036715040824294554e-01 5.118875201154355459e+00
3.730259531919658275e-12 1.742959315028088554e+02 2.036715040824335632e-01 5.118875201154285293e+00
4.561800427473415891e-12 1.742959315028130902e+02 2.036715040824385037e-01 5.118875201154204468e+00
5.578706511444105737e-12 1.742959315028182345e+02 2.036715040824445544e-01 5.118875201154103216e+00
6.822298966302210737e-12 1.742959315028246294e+02 2.036715040824519929e-01 5.118875201153980647e+00
8.343110197700627824e-12 1.742959315028324170e+02 2.036715040824611245e-01 5.118875201153826993e+00
1.020293717921079454e-11 1.742959315028418530e+02 2.036715040824721989e-01 5.118875201153641363e+00
1.247735252395587611e-11 1.742959315028535343e+02 2.036715040824857714e-01 5.118875201153414878e+00
1.525877531857060688e-11 1.742959315028678304e+02 2.036715040825024803e-01 5.118875201153137766e+00
1.866022650042125944e-11 1.742959315028851393e+02 2.036715040825227696e-01 5.118875201152798482e+00
2.281992137489863074e-11 1.742959315029065124e+02 2.036715040825477219e-01 5.118875201152383703e+00
2.790688588612777653e-11 1.742959315029325467e+02 2.036715040825781142e-01 5.118875201151877441e+00
3.412782485385829900e-11 1.742959315029643790e+02 2.036715040826153345e-01 5.118875201151255716e+00
4.173552126196182065e-11 1.742959315030033736e+02 2.036715040826608536e-01 5.118875201150498100e+00
5.103910789704927652e-11 1.742959315030509799e+02 2.036715040827165035e-01 5.118875201149570842e+00
6.241662871719882819e-11 1.742959315031092729e+02 2.036715040827845880e-01 5.118875201148435750e+00
7.633040037217968790e-11 1.742959315031803840e+02 2.036715040828677437e-01 5.118875201147046639e+00
9.334579807851446873e-11 1.742959315032674681e+02 2.036715040829695511e-01 5.118875201145350218e+00
1.141542291987060051e-10 1.742959315033740495e+02 2.036715040830940349e-01 5.118875201143273657e+00
1.396012280380311014e-10 1.742959315035042778e+02 2.036715040832461909e-01 5.118875201140737907e+00
1.707208134689702328e-10 1.742959315036636099e+02 2.036715040834323753e-01 5.118875201137634612e+00
2.087775054784395112e-10 1.742959315038584407e+02 2.036715040836600543e-01 5.118875201133838537e+00
2.553177079473223972e-10 1.742959315040966999e+02 2.036715040839384427e-01 5.118875201129199581e+00
3.122325455613133701e-10 1.742959315043879940e+02 2.036715040842788926e-01 5.118875201123520569e+00
3.818347081817441095e-10 1.742959315047442317e+02 2.036715040846951430e-01 5.118875201116582119e+00
4.669524251872304427e-10 1.742959315051799933e+02 2.036715040852043468e-01 5.118875201108092909e+00
5.710443883599289799e-10 1.742959315057128435e+02 2.036715040858270154e-01 5.118875201097711880e+00
6.983402931179038141e-10 1.742959315063644397e+02 2.036715040865884063e-01 5.118875201085019810e+00
8.540127088765192660e-10 1.742959315071613275e+02 2.036715040875196336e-01 5.118875201069492675e+00
1.044387262356453046e-09 1.742959315081357943e+02 2.036715040886583339e-01 5.118875201050508750e+00
1.277199674472427715e-09 1.742959315093275734e+02 2.036715040900509421e-01 5.118875201027293542e+00
1.561910095295411163e-09 1.742959315107849250e+02 2.036715040917539132e-01 5.118875200998902031e+00
1.910087509843299153e-09 1.742959315125671651e+02 2.036715040938365529e-01 5.118875200964178696e+00
2.335879834728471131e-09 1.742959315147467692e+02 2.036715040963834877e-01 5.118875200921719326e+00
2.856588807671298216e-09 1.742959315174122139e+02 2.036715040994981907e-01 5.118875200869792863e+00
3.493373030064913782e-09 1.742959315206718713e+02 2.036715041033071716e-01 5.118875200806291659e+00
4.272107730175342505e-09 1.742959315246581298e+02 2.036715041079652788e-01 5.118875200728634667e+00
5.224436182781424325e-09 1.742959315295329361e+02 2.036715041136617221e-01 5.118875200633665301e+00
6.389055508868328740e-09 1.742959315354945034e+02 2.036715041206280385e-01 5.118875200517524426e+00
7.813289102838397206e-09 1.742959315427849560e+02 2.036715041291472239e-01 5.118875200375498480e+00
9.555009581587806544e-09 1.742959315517006473e+02 2.036715041395655290e-01 5.118875200201807196e+00
1.168499039297907988e-08 1.742959315626037551e+02 2.036715041523062264e-01 5.118875199989399327e+00
1.428978163947837341e-08 1.742959315759372885e+02 2.036715041678869575e-01 5.118875199729645331e+00
1.747522697379926143e-08 1.742959315922432495e+02 2.036715041869411047e-01 5.118875199411984767e+00
2.137076447285375801e-08 1.742959316121839493e+02 2.036715042102426043e-01 5.118875199023511513e+00
2.613468625265553647e-08 1.742959316365699749e+02 2.036715042387385877e-01 5.118875198548439975e+00
3.196057054450961056e-08 1.742959316663919367e+02 2.036715042735867121e-01 5.118875197967466484e+00
3.908514759486670537e-08 1.742959317028616795e+02 2.036715043162030114e-01 5.118875197256986809e+00
4.779791901352489890e-08 1.742959317474612817e+02 2.036715043683193782e-01 5.118875196388125381e+00
5.845292144485914163e-08 1.742959318020029400e+02 2.036715044320533963e-01 5.118875195325581551e+00
7.148311256965150938e-08 1.742959318687028656e+02 2.036715045099948274e-01 5.118875194026177411e+00
8.741796400143640652e-08 1.742959319502713242e+02 2.036715046053107492e-01 5.118875192437112531e+00
1.069049759509326344e-07 1.742959320500229126e+02 2.036715047218742580e-01 5.118875190493818117e+00
1.307359878901057035e-07 1.742959321720109074e+02 2.036715048644219539e-01 5.118875188117328889e+00
1.598793543290886704e-07 1.742959323211921685e+02 2.036715050387460091e-01 5.118875185211076762e+00
1.955192931434666780e-07 1.742959325036285918e+02 2.036715052519299518e-01 5.118875181656970419e+00
2.391040053403920878e-07 1.742959327267332696e+02 2.036715055126363527e-01 5.118875177310591162e+00
2.924045215725485719e-07 1.742959329995719884e+02 2.036715058314589044e-01 5.118875171995323825e+00
3.575866665819810820e-07 1.742959333332312610e+02 2.036715062213525773e-01 5.118875165495194501e+00
4.372990657926196314e-07 1.742959337412690672e+02 2.036715066981604760e-01 5.118875157546066923e+00
5.347807701304636828e-07 1.742959342402657512e+02 2.036715072812573246e-01 5.118875147824939909e+00
6.539928723217467197e-07 1.742959348504976731e+02 2.036715079943367812e-01 5.118875135936801435e+00
7.997794627942706159e-07 1.742959355967610122e+02 2.036715088663741957e-01 5.118875121398587247e+00
9.780644654989495834e-07 1.742959365093796578e+02 2.036715099328042233e-01 5.118875103619549449e+00
1.196092351921041356e-06 1.742959376254372046e+02 2.036715112369604508e-01 5.118875081877244604e+00
1.462722514506426942e-06 1.742959389902836733e+02 2.036715128318360157e-01 5.118875055288201636e+00
1.788789261136622429e-06 1.742959406593786014e+02 2.036715147822377170e-01 5.118875022771987915e+00
2.187542058746128996e-06 1.742959427005444297e+02 2.036715171674184921e-01 5.118874983007335011e+00
2.675183915036808258e-06 1.742959451967221014e+02 2.036715200842981188e-01 5.118874934378441210e+00
3.271529775008630469e-06 1.742959482493419898e+02 2.036715236514018978e-01 5.118874874909309369e+00
4.000811685734420573e-06 1.742959519824448762e+02 2.036715280136761896e-01 5.118874802183456474e+00
4.892663446618599529e-06 1.742959565477221133e+02 2.036715333483782031e-01 5.118874713245739727e+00
5.983324755632310170e-06 1.742959621306805786e+02 2.036715398722798442e-01 5.118874604482233970e+00
7.317113781064286112e-06 1.742959689581792873e+02 2.036715478504745602e-01 5.118874471473428223e+00
8.948227995587520849e-06 1.742959773076481156e+02 2.036715576071497780e-01 5.118874308814630680e+00
1.094294644812395206e-05 1.742959875183609313e+02 2.036715695387600056e-01 5.118874109896343505e+00
1.338232296110003749e-05 1.742960000052218845e+02 2.036715841301366126e-01 5.118873866635696324e+00
1.636547968905459441e-05 1.742960152756244838e+02 2.036716019741882100e-01 5.118873569148021829e+00
2.001363486977470848e-05 1.742960339500689315e+02 2.036716237959929898e-01 5.118873205345192190e+00
2.447502843247248354e-05 1.742960567873759032e+02 2.036716504822617402e-01 5.118872760444436842e+00
2.993094561123467003e-05 1.742960847155203510e+02 2.036716831173682740e-01 5.118872216367681638e+00
3.660308332856091108e-05 1.742961188693384145e+02 2.036717230274115442e-01 5.118871551006969334e+00
4.476255867621774449e-05 1.742961606366413605e+02 2.036717718341011785e-01 5.118870737326139064e+00
5.474092554597403737e-05 1.742962117146065566e+02 2.036718315206522689e-01 5.118869742262299738e+00
6.694364706238171579e-05 1.742962741787411005e+02 2.036719045123720762e-01 5.118868525382386458e+00
8.186657125935890042e-05 1.742963505672169333e+02 2.036719937752079768e-01 5.118867037240300455e+00
1.001160794767911710e-04 1.742964439840064017e+02 2.036721029362647539e-01 5.118865217367845055e+00
1.224337261914742753e-04 1.742965582250070611e+02 2.036722364311856215e-01 5.118862991817857200e+00
1.497263715026302903e-04 1.742966979322820009e+02 2.036723996843858575e-01 5.118860270159743209e+00
1.831030306819555640e-04 1.742968687826810310e+02 2.036725993294619674e-01 5.118856941805385752e+00
2.239199381408116664e-04 1.742970777185080919e+02 2.036728434787321296e-01 5.118852871516160086e+00
2.738356569535805619e-04 1.742973332296043623e+02 2.036731420528556658e-01 5.118847893908719193e+00
3.348784732695141153e-04 1.742976456983103617e+02 2.036735071839269606e-01 5.118841806736327271e+00
4.095288141322339995e-04 1.742980278213182146e+02 2.036739537084148732e-01 5.118834362673108096e+00
5.008200376904345602e-04 1.742984951255547799e+02 2.036744997699743986e-01 5.118825259267702599e+00
6.124616913311015402e-04 1.742990665990499792e+02 2.036751675566152164e-01 5.118814126658674191e+00
7.489902462329491202e-04 1.742997654624161896e+02 2.036759842021662603e-01 5.118800512553455917e+00
9.159534333206485182e-04 1.743006201122740038e+02 2.036769828886481337e-01 5.118783863861619210e+00
1.120135670967001111e-03 1.743016652749387561e+02 2.036782041943136223e-01 5.118763504238244444e+00
1.369833744521222222e-03 1.743029434172162553e+02 2.036796977420886057e-01 5.118738606627691645e+00
1.675193939685108756e-03 1.743045064715873878e+02 2.036815242153241778e-01 5.118708159696535809e+00
2.048624328887847269e-03 1.743064179458155820e+02 2.036837578226668999e-01 5.118670926798134069e+00
2.505298963593489275e-03 1.743087555025945221e+02 2.036864893120462205e-01 5.118625395811195133e+00
3.063774460000665608e-03 1.743116141139054491e+02 2.036898296560194499e-01 5.118569717828556520e+00
3.746744032611774595e-03 1.743151099180267636e+02 2.036939145578744448e-01 5.118501632226649889e+00
4.581959615235154520e-03 1.743193849355790519e+02 2.036989099610718723e-01 5.118418375103383156e+00
5.603359539085238719e-03 1.743246128357210409e+02 2.037050187851167926e-01 5.118316567412547258e+00
6.852447590297270491e-03 1.743310059860325509e+02 2.037124891604035759e-01 5.118192078321743388e+00
8.379979483778859928e-03 1.743388240713973971e+02 2.037216244949049127e-01 5.118039858350083904e+00
1.024802528194282414e-02 1.743483846303860219e+02 2.037327957791527921e-01 5.117853735667496018e+00
1.253249156309164600e-02 1.743600759347031328e+02 2.037464566256229626e-01 5.117626167520552549e+00
1.532620582579072646e-02 1.743743727312009071e+02 2.037631616478176033e-01 5.117347937045913397e+00
1.874268846158758800e-02 1.743918554803782968e+02 2.037835889171767112e-01 5.117007783691371436e+00
2.292076556723421366e-02 1.744132338645306390e+02 2.038085673973585310e-01 5.116591953032299855e+00
2.803021003442583009e-02 1.744393755086816498e+02 2.038391104521035946e-01 5.116083648877886247e+00
3.427864013832037510e-02 1.744713410585595454e+02 2.038764567550286622e-01 5.115462367265099175e+00
4.191995594358157579e-02 1.745104270207027071e+02 2.039221202301560454e-01 5.114703087782559443e+00
5.126465633469920458e-02 1.745582180530325047e+02 2.039779509765349830e-01 5.113775293521698906e+00
6.269245589503540106e-02 1.746166507741725979e+02 2.040462095646862761e-01 5.112641785589194576e+00
7.666771431159805084e-02 1.746880915875981941e+02 2.041296575782175771e-01 5.111257252796539419e+00
9.375830526732112369e-02 1.747754315431685370e+02 2.042316678679010067e-01 5.109566551341454321e+00
1.146586915435192366e-01 1.748822018825180749e+02 2.043563586830112744e-01 5.107502643701692158e+00
1.402181439712313349e-01 1.750127146547559960e+02 2.045087566625845843e-01 5.104984141174432999e+00
1.714752508864492153e-01 1.751722336594857836e+02 2.046949946172218204e-01 5.101912391603708130e+00
2.097001203539215486e-01 1.753671819887857453e+02 2.049225511152949486e-01 5.098168054520369807e+00
2.564459900138523207e-01 1.756053936083519034e+02 2.052005401020873254e-01 5.093607112678738780e+00
3.136123416772039763e-01 1.758964177434446583e+02 2.055400601077737588e-01 5.088056285432505099e+00
3.835220852817664006e-01 1.762518863091385128e+02 2.059546139986073443e-01 5.081307840606197779e+00
4.690159485186028432e-01 1.766859562206596195e+02 2.064606116198921537e-01 5.073113854266678935e+00
5.735679075774522406e-01 1.772158400874986626e+02 2.070779689470272911e-01 5.063180050710475832e+00
7.014263494490302620e-01 1.778624404502921834e+02 2.078308183171113654e-01 5.051159478265808467e+00
8.577867018038410896e-01 1.786511042401608051e+02 2.087483446988860347e-01 5.036646450810748910e+00
1.049002545127490249e+00 1.796125153579961307e+02 2.098657624228358609e-01 5.019171418914774918e+00
1.282843785488744448e+00 1.807837439931182359e+02 2.112254449149312541e-01 4.998197729948058665e+00
1.568812378588732237e+00 1.822094713243088506e+02 2.128782162818737556e-01 4.973121580636559180e+00
1.918528434290668994e+00 1.839434074388777844e+02 2.148848076542644869e-01 4.943276819762211893e+00
2.346202390685446559e+00 1.860499187073951077e+02 2.173174727658304661e-01 4.907946545453095943e+00
2.869212444116485905e+00 1.886058788470609500e+02 2.202617465164392885e-01 4.866383533080359314e+00
3.508810698580780318e+00 1.917027564282326750e+02 2.238183181411685096e-01 4.817841248458349490e+00
4.290986728334119427e+00 1.954489523013170924e+02 2.281049790095279473e-01 4.761616344377955556e+00
5.247523643890774636e+00 1.999724058334412007e+02 2.332585970829328670e-01 4.697101944881469926e+00
6.417289573832626104e+00 2.054235020404528314e+02 2.394370696494314277e-01 4.623848681118387205e+00
7.847817040779799136e+00 2.119783357441672820e+02 2.468212171795212129e-01 4.541627629135790656e+00
9.597234408228704439e+00 2.198424257293030450e+02 2.556166066087882105e-01 4.450486658230262016e+00
1.173662788108739718e+01 2.292550210748266011e+02 2.660553313565906519e-01 4.350790183465364613e+00
1.435293003795051803e+01 2.404941997198922934e+02 2.783978226138918988e-01 4.243232906550312045e+00
1.755245226836106909e+01 2.538830192717385899e+02 2.929348120777300335e-01 4.128821356058021586e+00
2.146520465288119084e+01 2.697970344962390072e+02 3.099895986027972339e-01 4.008822536500193934e+00
2.625017882091608712e+01 2.886735394063969125e+02 3.299207805688124107e-01 3.884685402656749886e+00
3.210180845108248349e+01 3.110229240750032886e+02 3.531255988502115528e-01 3.757946256010182839e+00
3.925786993149404225e+01 3.374425632394912782e+02 3.800439969832934417e-01 3.630131825884828523e+00
4.800914421711138402e+01 3.686336863306581790e+02 4.111634567561079368e-01 3.502673063076080506e+00
5.871123248616058277e+01 4.054217292427662187e+02 4.470246223310486711e-01 3.376839099180460657e+00
7.179900571556984801e+01 4.487807476912604443e+02 4.882276947424071256e-01 3.253695839818345092e+00
8.780427532260699763e+01 4.998625874691869626e+02 5.354395661724704603e-01 3.134088849598181348e+00
1.073774029054043382e+02 5.600316620299653323e+02 5.894016690547259074e-01 3.018646677011235457e+00
1.313137271772565668e+02 6.309063846753924736e+02 6.509385342334380598e-01 2.907798976124432055e+00
1.605858819324741376e+02 7.144085438163987192e+02 7.209670793077006534e-01 2.801803526097639718e+00
1.963833182590293518e+02 8.128222001329437489e+02 8.005066777888185658e-01 2.700777029515368355e+00
2.401606369521590807e+02 9.288640320185105566e+02 8.906900883362129928e-01 2.604725842407667802e+00
2.936966950787067390e+02 1.065767472087588885e+03 9.927753493856161793e-01 2.513574129127309043e+00
3.591668884411633371e+02 1.227383478060748985e+03 1.108158767511899567e+00 2.427188091805582371e+00
4.392315470827363697e+02 1.418301385291490988e+03 1.238389148302328824e+00 2.345395793979146326e+00
5.371440357155803440e+02 1.643994019036652617e+03 1.385183437078510993e+00 2.268002677543565326e+00
6.568829516484445321e+02 1.910992130813619269e+03 1.550443954359006060e+00 2.194803208531130423e+00
8.033137919730173735e+02 2.227094299301454612e+03 1.736277428281571833e+00 2.125589243647703075e+00
9.823866592285016850e+02 2.601619744030667334e+03 1.945016044001236066e+00 2.060155745922098713e+00
1.201378039159255195e+03 3.045713090358587579e+03 2.179240748952712359e+00 1.998304442336715336e+00
1.469186475015456608e+03 3.572712058780059579e+03 2.441807073351909274e+00 1.939845943660064798e+00
