5.956999999999984582e-15 1.148364676042609176e+02 1.145692947603614287e-01 3.444402129825003378e+00
7.325377038734685711e-15 1.148364676042609176e+02 1.145692947603614287e-01 3.444402129825003378e+00
9.008082719426134198e-15 1.148364676042609176e+02 1.145692947603614287e-01 3.444402129825003378e+00
1.107732118783071109e-14 1.148364676042609176e+02 1.145692947603614287e-01 3.444402129825003378e+00
1.362188253819443299e-14 1.148364676042609460e+02 1.145692947603614703e-01 3.444402129825003822e+00
1.675095275635908513e-14 1.148364676042609460e+02 1.145692947603614703e-01 3.444402129825003822e+00
2.059879884142397950e-14 1.148364676042609460e+02 1.145692947603614703e-01 3.444402129825003822e+00
2.533053014243448492e-14 1.148364676042610029e+02 1.145692947603615258e-01 3.444402129825001602e+00
3.114918312646761227e-14 1.148364676042610029e+02 1.145692947603615258e-01 3.444402129825001602e+00
3.830443358233478062e-14 1.148364676042610455e+02 1.145692947603615675e-01 3.444402129824999825e+00
4.710331009665515066e-14 1.148364676042610455e+02 1.145692947603615675e-01 3.444402129824999825e+00
5.792336851274771792e-14 1.148364676042611023e+02 1.145692947603616091e-01 3.444402129825000713e+00
7.122889268246616256e-14 1.148364676042611308e+02 1.145692947603616646e-01 3.444402129824997605e+00
8.759081667796504836e-14 1.148364676042611876e+02 1.145692947603617062e-01 3.444402129824996717e+00
1.077112233165663882e-13 1.148364676042612729e+02 1.145692947603618034e-01 3.444402129824994940e+00
1.324534702194395709e-13 1.148364676042613723e+02 1.145692947603619005e-01 3.444402129824992720e+00
1.628792360997510398e-13 1.148364676042614718e+02 1.145692947603619838e-01 3.444402129824990944e+00
2.002940769198866838e-13 1.148364676042615997e+02 1.145692947603621226e-01 3.444402129824987835e+00
2.463034467120195610e-13 1.148364676042617560e+02 1.145692947603622613e-01 3.444402129824985170e+00
3.028815868902889019e-13 1.148364676042619408e+02 1.145692947603624556e-01 3.444402129824980729e+00
3.724562400640679058e-13 1.148364676042621824e+02 1.145692947603626916e-01 3.444402129824975400e+00
4.580128233840512768e-13 1.148364676042624666e+02 1.145692947603629691e-01 3.444402129824968295e+00
5.632225314526746429e-13 1.148364676042628219e+02 1.145692947603633438e-01 3.444402129824958969e+00
6.925998656373102898e-13 1.148364676042633050e+02 1.145692947603638018e-01 3.444402129824949199e+00
8.516963492983538492e-13 1.148364676042638166e+02 1.145692947603643153e-01 3.444402129824937653e+00
1.047338741165747150e-12 1.148364676042645129e+02 1.145692947603650230e-01 3.444402129824920777e+00
1.287921968493012144e-12 1.148364676042653514e+02 1.145692947603658557e-01 3.444402129824900793e+00
1.583769349619060764e-12 1.148364676042663319e+02 1.145692947603668410e-01 3.444402129824879033e+00
1.947575562926181314e-12 1.148364676042675967e+02 1.145692947603680900e-01 3.444402129824850611e+00
2.394951369793564872e-12 1.148364676042691457e+02 1.145692947603696304e-01 3.444402129824814640e+00
2.945093465363785214e-12 1.148364676042710641e+02 1.145692947603715733e-01 3.444402129824769787e+00
3.621608200118095103e-12 1.148364676042733805e+02 1.145692947603738493e-01 3.444402129824717829e+00
4.453524517783868972e-12 1.148364676042762653e+02 1.145692947603767498e-01 3.444402129824648995e+00
5.476539574285042275e-12 1.148364676042797754e+02 1.145692947603802470e-01 3.444402129824569503e+00
6.734550486686181196e-12 1.148364676042840813e+02 1.145692947603845352e-01 3.444402129824470027e+00
8.281537938789756219e-12 1.148364676042894104e+02 1.145692947603898781e-01 3.444402129824347014e+00
1.018388246805791926e-11 1.148364676042959758e+02 1.145692947603964007e-01 3.444402129824196024e+00
1.252321282469101727e-11 1.148364676043040333e+02 1.145692947604044498e-01 3.444402129824010839e+00
1.539990862467347164e-11 1.148364676043139525e+02 1.145692947604143308e-01 3.444402129823781245e+00
1.893740759405666934e-11 1.148364676043261028e+02 1.145692947604264877e-01 3.444402129823500580e+00
2.328750222639968931e-11 1.148364676043411094e+02 1.145692947604414202e-01 3.444402129823155967e+00
2.863685313056095036e-11 1.148364676043595409e+02 1.145692947604598222e-01 3.444402129822730529e+00
3.521499855367298451e-11 1.148364676043821930e+02 1.145692947604824152e-01 3.444402129822207836e+00
4.330420376433654589e-11 1.148364676044100321e+02 1.145692947605102124e-01 3.444402129821565683e+00
5.325157292864862212e-11 1.148364676044442945e+02 1.145692947605443934e-01 3.444402129820775649e+00
6.548394319423017409e-11 1.148364676044864297e+02 1.145692947605864292e-01 3.444402129819804426e+00
8.052620008071536241e-11 1.148364676045382424e+02 1.145692947606381240e-01 3.444402129818610714e+00
9.902380008189207677e-11 1.148364676046019781e+02 1.145692947607016843e-01 3.444402129817142111e+00
1.217704669142433955e-10 1.148364676046803368e+02 1.145692947607798717e-01 3.444402129815335556e+00
1.497422498454936585e-10 1.148364676047766864e+02 1.145692947608759754e-01 3.444402129813115554e+00
1.841394055307461025e-10 1.148364676048951196e+02 1.145692947609941725e-01 3.444402129810383517e+00
2.264379004870212472e-10 1.148364676050408661e+02 1.145692947611395562e-01 3.444402129807023982e+00
2.784527441542587277e-10 1.148364676052200082e+02 1.145692947613183021e-01 3.444402129802893953e+00
3.424158701360220443e-10 1.148364676054402906e+02 1.145692947615380569e-01 3.444402129797816237e+00
4.210719074689926103e-10 1.148364676057112490e+02 1.145692947618083685e-01 3.444402129791570122e+00
5.177959514234651950e-10 1.148364676060443657e+02 1.145692947621407415e-01 3.444402129783889599e+00
6.367383873270509251e-10 1.148364676064540504e+02 1.145692947625494701e-01 3.444402129774445154e+00
7.830029817368714817e-10 1.148364676069578962e+02 1.145692947630521236e-01 3.444402129762832665e+00
9.628658827725545806e-10 1.148364676075773900e+02 1.145692947636701986e-01 3.444402129748548980e+00
1.184044926816030260e-09 1.148364676083392197e+02 1.145692947644302295e-01 3.444402129730988360e+00
1.456030807407838137e-09 1.148364676092760703e+02 1.145692947653649124e-01 3.444402129709391414e+00
1.790494316648603198e-09 1.148364676104280591e+02 1.145692947665142292e-01 3.444402129682834879e+00
2.201787133651613566e-09 1.148364676118447392e+02 1.145692947679275986e-01 3.444402129650177002e+00
2.707557648654193047e-09 1.148364676135868194e+02 1.145692947696656389e-01 3.444402129610015351e+00
3.329508247524261117e-09 1.148364676157290347e+02 1.145692947718028737e-01 3.444402129560632631e+00
4.094326551400391136e-09 1.148364676183634288e+02 1.145692947744311324e-01 3.444402129499903431e+00
5.034830570540586032e-09 1.148364676216028926e+02 1.145692947776630610e-01 3.444402129425224945e+00
6.191376910417585448e-09 1.148364676255864794e+02 1.145692947816373819e-01 3.444402129333391738e+00
7.613592455552323639e-09 1.148364676304851599e+02 1.145692947865246808e-01 3.444402129220463848e+00
9.362503836862005173e-09 1.148364676365091270e+02 1.145692947925346233e-01 3.444402129081594932e+00
1.151315605701099547e-08 1.148364676439168335e+02 1.145692947999251005e-01 3.444402128910828864e+00
1.415783263780393213e-08 1.148364676530261619e+02 1.145692948090132196e-01 3.444402128700834620e+00
1.741001546469996979e-08 1.148364676642279960e+02 1.145692948201889882e-01 3.444402128442601629e+00
2.140925424360068178e-08 1.148364676780029612e+02 1.145692948339319117e-01 3.444402128125050311e+00
2.632715451611649196e-08 1.148364676949421863e+02 1.145692948508317266e-01 3.444402127734557784e+00
3.237474117636077351e-08 1.148364677157725566e+02 1.145692948716136306e-01 3.444402127254361012e+00
3.981151345447254969e-08 1.148364677413877644e+02 1.145692948971692438e-01 3.444402126663861363e+00
4.895657991214889728e-08 1.148364677728870475e+02 1.145692949285952583e-01 3.444402125937717773e+00
6.020235124784894890e-08 1.148364678116220148e+02 1.145692949672400818e-01 3.444402125044773388e+00
7.403137846379624303e-08 1.148364678592547250e+02 1.145692950147619987e-01 3.444402123946710415e+00
9.103705891297192951e-08 1.148364679178291112e+02 1.145692950732001003e-01 3.444402122596414539e+00
1.119490987132823721e-07 1.148364679898586189e+02 1.145692951450620334e-01 3.444402120935940559e+00
1.376648241096732493e-07 1.148364680784339242e+02 1.145692952334312481e-01 3.444402118894042797e+00
1.692876853406841646e-07 1.148364681873557771e+02 1.145692953420996973e-01 3.444402116383099788e+00
2.081746051930826619e-07 1.148364683212979571e+02 1.145692954757302484e-01 3.444402113295374601e+00
2.559942039498196057e-07 1.148364684860078739e+02 1.145692956400569673e-01 3.444402109498367892e+00
3.147983991376829315e-07 1.148364686885531825e+02 1.145692958421310331e-01 3.444402104829155320e+00
3.871104523877161781e-07 1.148364689376249572e+02 1.145692960906233293e-01 3.444402099087382041e+00
4.760332414596592230e-07 1.148364692439108126e+02 1.145692963961965904e-01 3.444402092026670470e+00
5.853824033344033664e-07 1.148364696205533022e+02 1.145692967719628003e-01 3.444402083344050070e+00
7.198500614848373048e-07 1.148364700837139765e+02 1.145692972340458943e-01 3.444402072666952197e+00
8.852061627887881272e-07 1.148364706532669146e+02 1.145692978022737479e-01 3.444402059537227778e+00
1.088546063360658531e-06 1.148364713536512909e+02 1.145692985010286491e-01 3.444402043391488810e+00
1.338594987098744463e-06 1.148364722149203345e+02 1.145692993602938914e-01 3.444402023536926372e+00
1.646082421127841916e-06 1.148364732740306948e+02 1.145693004169401619e-01 3.444401999121590841e+00
2.024202513277610116e-06 1.148364745764282304e+02 1.145693017163075950e-01 3.444401969097833582e+00
2.489180227045976719e-06 1.148364761779984207e+02 1.145693033141516187e-01 3.444401932177344250e+00
3.060967547502954732e-06 1.148364781474638221e+02 1.145693052790349026e-01 3.444401886775888322e+00
3.764099612017831696e-06 1.148364805693332755e+02 1.145693076952696704e-01 3.444401830945307275e+00
4.628747501995254059e-06 1.148364835475278056e+02 1.145693106665351818e-01 3.444401762289947655e+00
5.692012870440935899e-06 1.148364872098408540e+02 1.145693143203275199e-01 3.444401677863831779e+00
6.999519957245332018e-06 1.148364917134204148e+02 1.145693188134290080e-01 3.444401574044278824e+00
8.607373304846476124e-06 1.148364972515129239e+02 1.145693243386365079e-01 3.444401446376453180e+00
1.058456517897270633e-05 1.148365040617552921e+02 1.145693311330339414e-01 3.444401289382197362e+00
1.301593599580956063e-05 1.148365124363718337e+02 1.145693394881656529e-01 3.444401096324979150e+00
1.600581478619174304e-05 1.148365227347132702e+02 1.145693497625461521e-01 3.444400858920831254e+00
1.968249590750535647e-05 1.148365353986763324e+02 1.145693623970439196e-01 3.444400566982896095e+00
2.420374409700008916e-05 1.148365509716653321e+02 1.145693779337986218e-01 3.444400207984317674e+00
2.976356408587807755e-05 1.148365701219092330e+02 1.145693970394840167e-01 3.444399766520737760e+00
3.660052525526274146e-05 1.148365936711348638e+02 1.145694205339144039e-01 3.444399223649317499e+00
4.500799854130136643e-05 1.148366226298265076e+02 1.145694494252219031e-01 3.444398556075933371e+00
5.534674485040357278e-05 1.148366582405851375e+02 1.145694849531147808e-01 3.444397735155688700e+00
6.806039514786882123e-05 1.148367020314469897e+02 1.145695286420714970e-01 3.444396725663827930e+00
8.369448646355730475e-05 1.148367558814502303e+02 1.145695823667544910e-01 3.444395484284368703e+00
1.029198706410668453e-04 1.148368221012619870e+02 1.145696484324488368e-01 3.444393957751570312e+00
1.265615002893431254e-04 1.148369035323261471e+02 1.145697296739783266e-01 3.444392080564556924e+00
1.556338271289865781e-04 1.148370036687848739e+02 1.145698295773417835e-01 3.444389772177040232e+00
1.913843316604137417e-04 1.148371268074063067e+02 1.145699524292893706e-01 3.444386933541629947e+00
2.353470519924092742e-04 1.148372782319490568e+02 1.145701035012545860e-01 3.444383442860535549e+00
2.894084087290756005e-04 1.148374644398750632e+02 1.145702892755339902e-01 3.444379150360450392e+00
3.558881504315458601e-04 1.148376934211358531e+02 1.145705177234164485e-01 3.444373871867624004e+00
4.376388929879148010e-04 1.148379750009922162e+02 1.145707986471924539e-01 3.444367380907739751e+00
5.381685240810737871e-04 1.148383212615731139e+02 1.145711441007129100e-01 3.444359398992072663e+00
6.617907250752463628e-04 1.148387470602563667e+02 1.145715689065345821e-01 3.444349583673806503e+00
8.138100691478626636e-04 1.148392706671034063e+02 1.145720912918276463e-01 3.444337513863099609e+00
1.000749638144511622e-03 1.148399145486863802e+02 1.145727336703124821e-01 3.444322671772358735e+00
1.230630925094152893e-03 1.148407063319170618e+02 1.145735236037450089e-01 3.444304420719475068e+00
1.513318032875874807e-03 1.148416799891998465e+02 1.145744949841598914e-01 3.444281977840216502e+00
1.860940938447558108e-03 1.148428772957117303e+02 1.145756894875289839e-01 3.444254380544486072e+00
2.288415984714647303e-03 1.148443496212589423e+02 1.145771583611000510e-01 3.444220445285482768e+00
2.814085934111499980e-03 1.148461601334780937e+02 1.145789646209440238e-01 3.444178716885362590e+00
3.460507048307315866e-03 1.148483865067368725e+02 1.145811857537551715e-01 3.444127406262173174e+00
4.255416967273798097e-03 1.148511242526965077e+02 1.145839170384576472e-01 3.444064313915095266e+00
5.232924918970901888e-03 1.148544908150304309e+02 1.145872756295727019e-01 3.443986735928731058e+00
6.434975331014287057e-03 1.148586306033704432e+02 1.145914055766939499e-01 3.443891348529585894e+00
7.913147647244666433e-03 1.148637211815314032e+02 1.145964839941433222e-01 3.443774066341482865e+00
9.730869578519997162e-03 1.148699808741057922e+02 1.146027286435621073e-01 3.443629868409378680e+00
1.196613875732960124e-02 1.148776781156449260e+02 1.146104072518075584e-01 3.443452584755312351e+00
1.471486958120798993e-02 1.148871429403051678e+02 1.146198489594575792e-01 3.443234634653405291e+00
1.809500885649769145e-02 1.148987811000037880e+02 1.146314583843400514e-01 3.442966705915042169e+00
2.225159684288892381e-02 1.149130914093814511e+02 1.146457328932258962e-01 3.442637362209400642e+00
2.736299086588563426e-02 1.149306870510979905e+02 1.146632838078204680e-01 3.442232562742090884e+00
3.364851854961659755e-02 1.149523217355078657e+02 1.146848624284361878e-01 3.441735075538651767e+00
4.137788906677860451e-02 1.149789218182729940e+02 1.147113919633833690e-01 3.441123761688877458e+00
5.088276623822273609e-02 1.150116257070101824e+02 1.147440066725456814e-01 3.440372704070498333e+00
6.257100007869434433e-02 1.150518321950518583e+02 1.147840998299604620e-01 3.439450149105011345e+00
7.694412745797128694e-02 1.151012597062843099e+02 1.148333824403989928e-01 3.438317225279379663e+00
9.461889282291444103e-02 1.151620188614159588e+02 1.148939550479439325e-01 3.436926397041749848e+00
1.163537124249584137e-01 1.152367012812346161e+02 1.149683954450042289e-01 3.435219608022690441e+00
1.430812176211741227e-01 1.153284881405362512e+02 1.150598656366506045e-01 3.433126064089368601e+00
1.759482736673413095e-01 1.154412826872511033e+02 1.151722420392541496e-01 3.430559605814629709e+00
2.163651911914977466e-01 1.155798717523663157e+02 1.153102735897094250e-01 3.427415623529422639e+00
2.660662419902043441e-01 1.157501221998700345e+02 1.154797731969180313e-01 3.423567479180455564e+00
3.271840758531936455e-01 1.159592192956177144e+02 1.156878487489978458e-01 3.418862421962953757e+00
4.023412316089672869e-01 1.162159550894263731e+02 1.159431806415087418e-01 3.413117024955369949e+00
4.947626690892363843e-01 1.165310760654472375e+02 1.162563534225853623e-01 3.406112235361081098e+00
6.084141507083076217e-01 1.169177004540048017e+02 1.166402495216874030e-01 3.397588230780820950e+00
7.481724105489193644e-01 1.173918166128846963e+02 1.171105129430495412e-01 3.387239418420671555e+00
9.200344128336155336e-01 1.179728746370850132e+02 1.176860899957112572e-01 3.374710112457443678e+00
1.131374678968806613e+00 1.186844836757348389e+02 1.183898522702877820e-01 3.359591680817058279e+00
1.391261724949461653e+00 1.195552271432756442e+02 1.192493037830984759e-01 3.341422258102624276e+00
1.710847187311603790e+00 1.206196069778007285e+02 1.202973691393961070e-01 3.319690445205981888e+00
2.103844334852488451e+00 1.219191263309492967e+02 1.215732525055492758e-01 3.293844691156654125e+00
2.587116498841783407e+00 1.235035178689331872e+02 1.231233482409321983e-01 3.263310163762424221e+00
3.181400671000053304e+00 1.254321230002513232e+02 1.250021739195018300e-01 3.227514696787679771e+00
3.912197318509171851e+00 1.277754272663559050e+02 1.272732867016733993e-01 3.185924658036310309e+00
4.810864597617352523e+00 1.306167610340059184e+02 1.300101371084887159e-01 3.138090152960400836e+00
5.915963918054024440e+00 1.340541852974050414e+02 1.332968135099805995e-01 3.083696842792214010e+00
7.274914595819362617e+00 1.382026026417813398e+02 1.372286394724344383e-01 3.022619071857539641e+00
8.946028594757615693e+00 1.431961650739581273e+02 1.419126067272704628e-01 2.954966589407915123e+00
1.100101266676212930e+01 1.491910931662994813e+02 1.474676583408849884e-01 2.881115845431936329e+00
1.352804525632515187e+01 1.563690715559274622e+02 1.540248751455370047e-01 2.801717573528194727e+00
1.663556019802722830e+01 1.649414384800998903e+02 1.617276553358762692e-01 2.717675606216331641e+00
2.045689956372630647e+01 1.751544352868626788e+02 1.707320025265681163e-01 2.630097143728003406e+00
2.515603531103284496e+01 1.872958216211262936e+02 1.812070437924264421e-01 2.540220592060384419e+00
3.093460524643938925e+01 2.017031941088479812e+02 1.933358841431725983e-01 2.449331706684866994e+00
3.804056521312587336e+01 2.187743774290467513e+02 2.073168721870087827e-01 2.358680616824782028e+00
4.677882876493576703e+01 2.389802973141789266e+02 2.233653130256418595e-01 2.269410941613084542e+00
5.752435087016333171e+01 2.628808067655045306e+02 2.417156293150168611e-01 2.182508427768581338e+00
7.073821706100606832e+01 2.911440290973703782e+02 2.626239476740119261e-01 2.098771830607923050e+00
8.698742840687013711e+01 3.245699105995944933e+02 2.863710781658065363e-01 2.018804587948256124e+00
1.069692312758552788e+02 3.641188454240277679e+02 3.132658579268768340e-01 1.943023092874942126e+00
1.315410358635642751e+02 4.109464489810179089e+02 3.436488421308456775e-01 1.871676247934575654e+00
1.617572072798945726e+02 4.664458183308990442e+02 3.778963418139637542e-01 1.804871160861354573e+00
1.989143078828252271e+02 5.322989363222508246e+02 4.164248250391485162e-01 1.742600793220411948e+00
2.446067321874523088e+02 6.105392617871505081e+02 4.596957132642173205e-01 1.684770605438683733e+00
3.007951216192533366e+02 7.036280162452538889e+02 5.082206177699465366e-01 1.631222414366546358e+00
3.698904947579497957e+02 8.145472478829575493e+02 5.625670716486448342e-01 1.581754619510516768e+00
4.548577030629687670e+02 9.469134504978621862e+02 6.233648217228261457e-01 1.536138614644834144e+00
5.593426513193015808e+02 1.105116368527328632e+03 6.913127525358314651e-01 1.494131609580832132e+00
6.878287417759615892e+02 1.294488665797695603e+03 7.671865219104910816e-01 1.455486299838484321e+00
8.458292549248633350e+02 1.521513419902656779e+03 8.518469950526261769e-01 1.419957900805579154e+00
1.040123921893012721e+03 1.794077980817113257e+03 9.462495722048177571e-01 1.387309059168639891e+00
1.279049839663222656e+03 2.121784668486071951e+03 1.051454513742909214e+00 1.357313106004799819e+00
1.572859212164894416e+03 2.516331161925938432e+03 1.168638376583466254e+00 1.329756048366433685e+00
1.934159267744682666e+03 2.991976352820641296e+03 1.299106687015065598e+00 1.304437624948247887e+00
2.378453229678164462e+03 3.566111023751283028e+03 1.444307987732767362e+00 1.281171684938500199e+00
2.924805552524563609e+03 4.259957117528462732e+03 1.605849411088588141e+00 1.259786091287740772e+00
3.596659969318005551e+03 5.099424776980471506e+03 1.785513946518990203e+00 1.240122301504755775e+00
4.422845451633093035e+03 6.116162984304532074e+03 1.985279587934116741e+00 1.222034740338781234e+00
