5.957435939500000206e-15 5.072771839113064456e-10 5.495960822441023284e-13 6.737359085797255102e+04
6.583984946634096222e-15 5.490451894607029096e-10 5.948485259595915002e-13 6.598162515429352061e+04
7.276428688067858001e-15 5.942522739651641647e-10 6.438269490413480061e-13 6.461841802642360562e+04
8.041697373503946767e-15 6.431816030655592046e-10 6.968381398326751996e-13 6.328337531052640406e+04
8.887450069161894129e-15 6.961396575930193669e-10 7.542141469046796938e-13 6.197591511843133776e+04
9.822151352287141485e-15 7.534581532866545446e-10 8.163143589237860767e-13 6.069546758401335683e+04
1.085515602748515895e-14 8.154961185762911716e-10 8.835277557706296397e-13 5.944147461481258506e+04
1.199680275275019070e-14 8.826421434449367466e-10 9.562753450107656056e-13 5.821338964878566912e+04
1.325851751222940334e-14 9.553168134572673606e-10 1.035012798978621220e-12 5.701067741608264623e+04
1.465292797131264326e-14 1.033975344200275193e-09 1.120233308992714275e-12 5.583281370574572065e+04
1.619398985855195382e-14 1.119110432637539135e-09 1.212470674580215703e-12 5.467928513722799107e+04
1.789712663928361451e-14 1.211255343237271350e-09 1.312302647060965777e-12 5.354958893663279741e+04
1.977938387885322900e-14 1.310987248204861724e-09 1.420354548434303108e-12 5.244323271757607290e+04
2.185959984036292068e-14 1.418930842742284262e-09 1.537303188236494420e-12 5.135973426657605887e+04
2.415859402434020427e-14 1.535762257979423186e-09 1.663881102902950377e-12 5.029862133287703909e+04
2.669937553729695351e-14 1.662213296086928443e-09 1.800881144189521641e-12 4.925943142261538742e+04
2.950737337460100586e-14 1.799076014098265068e-09 1.949161445393569883e-12 4.824171159723822348e+04
3.261069092240875958e-14 1.947207685152839678e-09 2.109650796481949620e-12 4.724501827608681197e+04
3.604038722579973061e-14 2.107536168236182558e-09 2.283354461794347195e-12 4.626891704305868188e+04
3.983078783813898493e-14 2.281065720051845017e-09 2.471360476762562300e-12 4.531298245726414461e+04
4.401982836275246580e-14 2.468883285429120117e-09 2.674846463086803901e-12 4.437679786759482522e+04
4.864943412519564048e-14 2.672165305668064935e-09 2.895087005057491944e-12 4.345995523112315277e+04
5.376593977600328651e-14 2.892185087467596030e-09 3.133461633225997756e-12 4.256205493525389466e+04
5.942055302344561092e-14 3.130320778593705445e-09 3.391463465431966874e-12 4.168270562355004949e+04
6.566986713748418494e-14 3.388064000245382318e-09 3.670708559312440319e-12 4.082152402515727590e+04
7.257642735423930018e-14 3.667029190189148715e-09 3.972946034874483584e-12 3.997813478775250405e+04
8.020935684973530284e-14 3.968963715185240913e-09 4.300069030536555832e-12 3.915217031394380319e+04
8.864504854787933649e-14 4.295758816047083121e-09 4.654126561264445121e-12 3.834327060105044075e+04
9.796792968652029987e-14 4.649461453891112027e-09 5.037336353078128017e-12 3.755108308419301466e+04
1.082713067936222745e-13 5.032287131778842018e-09 5.452098734321605995e-12 3.677526248262548324e+04
1.196582995303578020e-13 5.446633772062667792e-09 5.901011670707115458e-12 3.601547064924200095e+04
1.322428727473365676e-13 5.895096736359549583e-09 6.386887038309371155e-12 3.527137642319303995e+04
1.461509770831351935e-13 6.380485082233863449e-09 6.912768236439721698e-12 3.454265548554649286e+04
1.615218095206216903e-13 6.905839158417142531e-09 7.481949250722797945e-12 3.382899021793087741e+04
1.785092065171456225e-13 7.474449648776654328e-09 8.097995285781856741e-12 3.313006956409905251e+04
1.972831836515094751e-13 8.089878184319394413e-09 8.764765096770741840e-12 3.244558889435205492e+04
2.180316371970256299e-13 8.755979652339816106e-09 9.486435159631437146e-12 3.177524987276401225e+04
2.409622246505736831e-13 9.476926342450105769e-09 1.026752583147356999e-11 3.111876032715024849e+04
2.663044430386253565e-13 1.025723408073757475e-08 1.111292966493778385e-11 3.047583412172188400e+04
2.943119258006220116e-13 1.110179051574688857e-08 1.202794205389695340e-11 2.984619103237143281e+04
3.252649812376857598e-13 1.201588573346323747e-08 1.301829440245204442e-11 2.922955662453511104e+04
3.594733979323119869e-13 1.300524539306098876e-08 1.409019002498482053e-11 2.862566213357847300e+04
3.972795452166264041e-13 1.407606659097158947e-08 1.525034300213606785e-11 2.803424434765339902e+04
4.390617997197353941e-13 1.523505667791419193e-08 1.650602023609338272e-11 2.745504549297527410e+04
4.852383322882067928e-13 1.648947527202887493e-08 1.786508696861199799e-11 2.688781312147038261e+04
5.362712931804543773e-13 1.784717973127208945e-08 1.933605604688200493e-11 2.633230000074456257e+04
5.926714374218584526e-13 1.931667436990178169e-08 2.092814124583074843e-11 2.578826400632516379e+04
6.550032366127299331e-13 2.090716372733164632e-08 2.265131498085768717e-11 2.525546801612930358e+04
7.238905283498124436e-13 2.262861022301710968e-08 2.451637077249957772e-11 2.473367980711247583e+04
8.000227598026289865e-13 2.449179655850847809e-08 2.653499085428871003e-11 2.422267195405243547e+04
8.841618879324860316e-13 2.650839325754177488e-08 2.871981934728253026e-11 2.372222173042422219e+04
9.771500054138449373e-13 2.869103176722123330e-08 3.108454145961130272e-11 2.323211101132319891e+04
1.079917768580844625e-12 3.105338357818048096e-08 3.364396920712944710e-11 2.275212617839368613e+04
1.193493711748698385e-12 3.361024585931103712e-08 3.641413419210296693e-11 2.228205802672186110e+04
1.319014541130823314e-12 3.637763414345216888e-08 3.941238802107493824e-11 2.182170167365222369e+04
1.457736511376683086e-12 3.937288264460148951e-08 4.265751099090085395e-11 2.137085646948801514e+04
1.611047998590562939e-12 4.261475283500798624e-08 4.616982972373562699e-11 2.092932591003656125e+04
1.780483395666269551e-12 4.612355096224632782e-08 4.997134448780750678e-11 2.049691755096149427e+04
1.967738469006940533e-12 4.992125524236976867e-08 5.408586700148404232e-11 2.007344292390444025e+04
2.174687330325172665e-12 5.403165352584678431e-08 5.853916958379932947e-11 1.965871745433973774e+04
2.403401193382953669e-12 5.848049229858601215e-08 6.335914658568365550e-11 1.925256038112625902e+04
2.656169103395149764e-12 6.329563795135361096e-08 6.857598911305916439e-11 1.885479467772133648e+04
2.935520846563391794e-12 6.850725132773387203e-08 7.422237413622304082e-11 1.846524697502245544e+04
3.244252269026670843e-12 7.414797664395650922e-08 8.033366917005039483e-11 1.808374748580305095e+04
3.585453258629213675e-12 8.025314596393663020e-08 8.694815380708194055e-11 1.771012993070949960e+04
3.962538669556575854e-12 8.686100051030675104e-08 9.410725949112323720e-11 1.734423146578703381e+04
4.379282499344102850e-12 9.401293019767638721e-08 1.018558290332355229e-10 1.698589261150301900e+04
4.839855660312745294e-12 1.017537328884948987e-07 1.102423974956607816e-10 1.663495718323663823e+04
5.348867723461464565e-12 1.101318949954298464e-07 1.193194962030659139e-10 1.629127222320464716e+04
5.911413052603114260e-12 1.191998951878824807e-07 1.291439817853547905e-10 1.595468793379363160e+04
6.533121790469759503e-12 1.290145331049809666e-07 1.397773923130887936e-10 1.562505761226960385e+04
7.220216207073493577e-12 1.396372851340249080e-07 1.512863327562566774e-10 1.530223758683653796e+04
7.979572974276095186e-12 1.511346894828872031e-07 1.637428921808095428e-10 1.498608715401596601e+04
8.818791989832349802e-12 1.635787629583682503e-07 1.772250952961736312e-10 1.467646851732033610e+04
9.746272439721198881e-12 1.770474520610955159e-07 1.918173911821186649e-10 1.437324672719339651e+04
1.077129686002207603e-11 1.916251212225122590e-07 2.076111822562429679e-10 1.407628962219144341e+04
1.190412403965595446e-11 2.074030812421469438e-07 2.247053967953921362e-10 1.378546777137978279e+04
1.315609169379297775e-11 2.244801612351599679e-07 2.432071085971397105e-10 1.350065441791931335e+04
1.453972993551660693e-11 2.429633276727001712e-07 2.632322076627304048e-10 1.322172542381861967e+04
1.606888668140688897e-11 2.629683543925837201e-07 2.849061261024742374e-10 1.294855921582751944e+04
1.775886624614402174e-11 2.846205477770692327e-07 3.083646238104758504e-10 1.268103673244847596e+04
1.962658251323364821e-11 3.080555316400595021e-07 3.337546388299669831e-10 1.241904137204275867e+04
2.169072821483791269e-11 3.334200967400614819e-07 3.612352077357112553e-10 1.216245894200877410e+04
2.397196201492180260e-11 3.608731202400377719e-07 3.909784617985241166e-10 1.191117760901037218e+04
2.649311526810571758e-11 3.905865608734114268e-07 4.231707051716266751e-10 1.166508785023347809e+04
2.927942052353639636e-11 4.227465360496897365e-07 4.580135818523182399e-10 1.142408240564975677e+04
3.235876406071972523e-11 4.575544876464215997e-07 4.957253387285174436e-10 1.118805623126654245e+04
3.576196498477893775e-11 4.952284437897122009e-07 5.365421926215733051e-10 1.095690645334265719e+04
3.952308367441736127e-11 5.360043845267665637e-07 5.807198098881544464e-10 1.073053232355011824e+04
4.367976266963653909e-11 5.801377199446840832e-07 6.285349078490618359e-10 1.050883517506225144e+04
4.827360341092868213e-11 6.279048899940666481e-07 6.802869880759118934e-10 1.029171837954902730e+04
5.335058260047583781e-11 6.796050960383232453e-07 7.363002123925495449e-10 1.007908730506088614e+04
5.896151235243864295e-11 7.355621749746572031e-07 7.969254333419904845e-10 9.870849274782722205e+03
6.516254873767334536e-11 7.961266276657497013e-07 8.625423918372152879e-10 9.666913526640000782e+03
7.201575381256368297e-11 8.616778143877185669e-07 9.335620957613419534e-10 9.467191173739447549e+03
7.958971675694094321e-11 9.326263310460785782e-07 1.010429394416119766e-09 9.271595165627044480e+03
8.796024033764930551e-11 1.009416581043712757e-06 1.093625764944434278e-09 9.080040250346442917e+03
9.721109956811462472e-11 1.092529558910379776e-06 1.183672328180259879e-09 8.892442937281282866e+03
1.074348801568365949e-10 1.182485863129703797e-06 1.281133112816580487e-09 8.708721460765185839e+03
1.187339051362784313e-10 1.279848957035221791e-06 1.386618588337185031e-09 8.528795744443596050e+03
1.312212589461678839e-10 1.385228698200914957e-06 1.500789488841728092e-09 8.352587366371908502e+03
1.450219192205788610e-10 1.499285158433421398e-06 1.624360951715516193e-09 8.180019524834687218e+03
1.602740076060997649e-10 1.622732758293387833e-06 1.758106997067592530e-09 8.011017004871079735e+03
1.771301721296968623e-10 1.756344742043547564e-06 1.902865375995176280e-09 7.845506145491818643e+03
1.957591149514748622e-10 1.900958021053456426e-06 2.059542818042747830e-09 7.683414807573540202e+03
2.163472807925980149e-10 2.057478415998739876e-06 2.229120710724528646e-09 7.524672342416420179e+03
2.391007229367258182e-10 2.226886330690645657e-06 2.412661246685423392e-09 7.369209560951417188e+03
2.642471654805326668e-10 2.410242893075329049e-06 2.611314077004690214e-09 7.216958703583705756e+03
2.920382824730083285e-10 2.608696601868514085e-06 2.826323512316916703e-09 7.067853410659165093e+03
3.227522167539303409e-10 2.823490520458363905e-06 3.059036316856298801e-09 6.921828693541033317e+03
3.566963637008921251e-10 3.055970063137323077e-06 3.310910144244120516e-09 6.778820906284134253e+03
3.942104477455606669e-10 3.307591422433907778e-06 3.583522667859054899e-09 6.638767717894322232e+03
4.356699224499740005e-10 3.579930690331096249e-06 3.878581462980603011e-09 6.501608085161066811e+03
4.814897281719846085e-10 3.874693730504305054e-06 4.197934702604880720e-09 6.367282226051312136e+03
5.321284449278270465e-10 4.193726863416129402e-06 4.543582733928634453e-09 6.235731593653046730e+03
5.880928820150541489e-10 4.539028431196556941e-06 4.917690608013604580e-09 6.106898850657197727e+03
6.499431503303317885e-10 4.912761314748105278e-06 5.322601641113873626e-09 5.980727844366747377e+03
7.182982681475525284e-10 5.317266481479853231e-06 5.760852092610891812e-09 5.857163582222162404e+03
7.938423564607794207e-10 5.755077648529890669e-06 6.235187051495005856e-09 5.736152207832487875e+03
8.773314858970964064e-10 6.228937153322889991e-06 6.748577630902372431e-09 5.617640977501641828e+03
9.696012437255674889e-10 6.741813130871912384e-06 7.304239578409439410e-09 5.501578237239687041e+03
1.071575096695476758e-09 7.296918105418688700e-06 7.905653418655134839e-09 5.387913400249064580e+03
1.184273633401942526e-09 7.897729112865656172e-06 8.556586254458999566e-09 5.276596924875958393e+03
1.308824778679609668e-09 8.548009480041545083e-06 9.261115362991922590e-09 5.167580293017212171e+03
1.446475082253502573e-09 9.251832397220263905e-06 1.002365373479985208e-08 5.060815988973348794e+03
1.598602194627653744e-09 1.001360643154532772e-05 1.084897771565040897e-08 4.956257478738510144e+03
1.766728655074391727e-09 1.083810314116942343e-05 1.174225692434390329e-08 4.853859189718263224e+03
1.952537129719122340e-09 1.173048696307700207e-05 1.270908663388624225e-08 4.753576490866455970e+03
2.157887252228475268e-09 1.269634756179964817e-05 1.375552281885118905e-08 4.655365673232444351e+03
2.384834235649083943e-09 1.374173484164825268e-05 1.488812008845964521e-08 4.559183930910226081e+03
2.635649441670537238e-09 1.487319684176975140e-05 1.611397274297914406e-08 4.464989342381173628e+03
2.912843113176600244e-09 1.609782075139330688e-05 1.744075921061029846e-08 4.372740852242231085e+03
3.219189497599715186e-09 1.742327730217507720e-05 1.887679014320160041e-08 4.282398253311615008e+03
3.557754612521765257e-09 1.885786881570379413e-05 2.043106047205178117e-08 4.193922169104219392e+03
3.931926931408554850e-09 2.041058120712450452e-05 2.211330574986403623e-08 4.107274036669085945e+03
4.345451296591162353e-09 2.209114027061792821e-05 2.393406313176373523e-08 4.022416089781458595e+03
4.802466398906675217e-09 2.391007259929323880e-05 2.590473737734911975e-08 3.939311342482097189e+03
5.307546199107147417e-09 2.587877152108101597e-05 2.803767228719503477e-08 3.857923572956675343e+03
5.865745705596168228e-09 2.800956846363193310e-05 3.034622802126969787e-08 3.778217307748236635e+03
6.482651566652014087e-09 3.031581019523266741e-05 3.284486478356735292e-08 3.700157806295826504e+03
7.164437983481352378e-09 3.281194242555645246e-05 3.554923339713591808e-08 3.623711045792569166e+03
7.917928503700138229e-09 3.551360028990208632e-05 3.847627333683866328e-08 3.548843706356569328e+03
8.750664313691633064e-09 3.843770628369146228e-05 4.164431883390190601e-08 3.475523156508203101e+03
9.670979713334402464e-09 4.160257626066240377e-05 4.507321371686067353e-08 3.403717438947446226e+03
1.068808552847676158e-08 4.502803415870246083e-05 4.878443570823668424e-08 3.333395256625048205e+03
1.181216129597772206e-08 4.873553617193687981e-05 5.280123095551124382e-08 3.264525959101488297e+03
1.305445714393334979e-08 5.274830514685323080e-05 5.714875963906092490e-08 3.197079529187751177e+03
1.442740638674003795e-08 5.709147604428549286e-05 6.185425356910670395e-08 3.131026569862117412e+03
1.594474996188397188e-08 6.179225337839445867e-05 6.694718675882389923e-08 3.066338291457256219e+03
1.762167395386198223e-08 6.688008161880218112e-05 7.245946004203919966e-08 3.002986499112035290e+03
1.947496158161939995e-08 7.238682962323550137e-05 7.842560089191278464e-08 2.940943580482585730e+03
2.152316117064631011e-08 7.834699025591849585e-05 8.488297969221939518e-08 2.880182493707258800e+03
2.378677179085334771e-08 8.479789644207133927e-05 9.187204381589527581e-08 2.820676755620229414e+03
2.628844841815334961e-08 9.177995501182709636e-05 9.943657097706077071e-08 2.762400430208619582e+03
2.905322867307488454e-08 9.933689979830407507e-05 1.076239434434497031e-07 2.705328117308089077e+03
3.210878340568394210e-08 1.075160655751759641e-04 1.164854448268428678e-07 2.649434941531994809e+03
3.548569363475189490e-08 1.163686845496148095e-04 1.260765813105252564e-07 2.594696541429265380e+03
3.921775661286997016e-08 1.259502072677624949e-04 1.364574293258531877e-07 2.541089058866285995e+03
4.334232408071287219e-08 1.363206499428015327e-04 1.476930118556896352e-07 2.488589128628157141e+03
4.790067609581376224e-08 1.475449703811985134e-04 1.598537057217752091e-07 2.437173868234790461e+03
5.293843417725479969e-08 1.596934748618273811e-04 1.730156824071802555e-07 2.386820867967415779e+03
5.850601790116400724e-08 1.728422585165585658e-04 1.872613851750363596e-07 2.337508181101136870e+03
6.465914951677979862e-08 1.870736819707463704e-04 2.026800454720979062e-07 2.289214314339293651e+03
7.145941163345018840e-08 2.024768872291680543e-04 2.193682418517530483e-07 2.241918218445448929e+03
7.897486356008588215e-08 2.191483560387939974e-04 2.374305049174366097e-07 2.195599279068924716e+03
8.728072246559923755e-08 2.371925142258290205e-04 2.569799720756544086e-07 2.150237307759885880e+03
9.646011617761224967e-08 2.567223857924391998e-04 2.781390961998257966e-07 2.105812533170056668e+03
1.066049151536955213e-07 2.778603008702587736e-04 3.010404126438339916e-07 2.062305592435232029e+03
1.178166519517863655e-07 3.007386619651169915e-04 3.258273694096609056e-07 2.019697522735833900e+03
1.302075374021549495e-07 3.255007732925466928e-04 3.526552256690646804e-07 1.977969753031823529e+03
1.439015836511090218e-07 3.523017383988202378e-04 3.816920242674108511e-07 1.937104095968379170e+03
1.590358453162360077e-07 3.813094316899824036e-04 4.131196443011726909e-07 1.897082739948804146e+03
1.757617911750814641e-07 4.127055499542894921e-04 4.471349403621771342e-07 1.857888241371211734e+03
1.942468201155853362e-07 4.466867504645238699e-04 4.839509755845328631e-07 1.819503517025601241e+03
2.146759365204169259e-07 4.834658827889647928e-04 5.237983562177299620e-07 1.781911836648018152e+03
2.372536018530189523e-07 5.232733220267673287e-04 5.669266760853383784e-07 1.745096815628544391e+03
2.622057809766555190e-07 5.663584118187931383e-04 6.136060799770239877e-07 1.709042407869945237e+03
2.897822036867129457e-07 6.129910261725469989e-04 6.641289557665731019e-07 1.673732898793861295e+03
3.202588640904293357e-07 6.634632598840894957e-04 7.188117658549182012e-07 1.639152898491493715e+03
3.539407828486843267e-07 7.180912581453002949e-04 7.779970294098594712e-07 1.605287335015798590e+03
3.911650599252944486e-07 7.772171967966814586e-04 8.420554678187231790e-07 1.572121447812269480e+03
4.323042483967540217e-07 8.412114256295030170e-04 9.113883267925276206e-07 1.539640781285440198e+03
4.777700830886441215e-07 9.104747881623845166e-04 9.864298896667221788e-07 1.507831178498307963e+03
5.280176013561560384e-07 9.854411324228041537e-04 1.067650197641174541e-06 1.476678775001928670e+03
5.835496972508850911e-07 1.066580028460428591e-03 1.155557993998297551e-06 1.446169992792494668e+03
6.449221546535278062e-07 1.154399709614072978e-03 1.250703910741140850e-06 1.416291534393262054e+03
7.127492097457651448e-07 1.249450255955639969e-03 1.353683917611744192e-06 1.387030377058747717e+03
7.877096984924207183e-07 1.352327039851312744e-03 1.465143055093513252e-06 1.358373767098670896e+03
8.705538506599614457e-07 1.463674455222123113e-03 1.585779474780198448e-06 1.330309214319162265e+03
9.621107983681612428e-07 1.584189953863030182e-03 1.716348812419317538e-06 1.302824486578822416e+03
1.063296874323036490e-06 1.714628414102977979e-03 1.857668921021644697e-06 1.275907604457252546e+03
1.175124782782558373e-06 1.855806869170111744e-03 2.010624993683761200e-06 1.249546836033736554e+03
1.298713735041248079e-06 2.008609624879417483e-03 2.176175108211720052e-06 1.223730691773797162e+03
1.435300650872991407e-06 2.173993798698677874e-03 2.355356228275923912e-06 1.198447919521397125e+03
1.586252538039880801e-06 2.352995314888048448e-03 2.549290698686943108e-06 1.173687499594605924e+03
1.753080173765363689e-06 2.546735393265256355e-03 2.759193275476984205e-06 1.149438639982588711e+03
1.937453225100485769e-06 2.756427572240417040e-03 2.986378734821686808e-06 1.125690771641831361e+03
2.141216959512931110e-06 2.983385310110950664e-03 3.232270108462568444e-06 1.102433543889542534e+03
2.366410712944056139e-06 3.229030212229170790e-03 3.498407597214703121e-06 1.079656819892235490e+03
2.615288300168434290e-06 3.494900935575433534e-03 3.786458218391585800e-06 1.057350672247511966e+03
2.890340571729652378e-06 3.782662826512804381e-03 4.098226247576169621e-06 1.035505378657133406e+03
3.194320343209756968e-06 4.094118352091702905e-03 4.435664520142690099e-06 1.014111417689483687e+03
3.530269946332849573e-06 4.431218390243521314e-03 4.800886663319091356e-06 9.931594646295852726e+02
3.901551677643548516e-06 4.796074449582148416e-03 5.196180335408611907e-06 9.726403874148520572e+02
4.311881449500909984e-06 5.190971895355080828e-03 5.624021555097595361e-06 9.525452426548141602e+02
4.765365980178280938e-06 5.618384264388134354e-03 6.087090210604695532e-06 9.328652717330744508e+02
5.266543895280096838e-06 6.080988758688887601e-03 6.588286845816780020e-06 9.135918969898018531e+02
5.820431151832410856e-06 6.581683014756864632e-03 7.130750828555649712e-06 8.947167179830952364e+02
6.432571239666733093e-06 7.123603253639106299e-03 7.717880014776929925e-06 8.762315078275892120e+02
7.109090662529501100e-06 7.710143925418489266e-03 8.353352031872686705e-06 8.581282096087055606e+02
7.856760254190753434e-06 8.344978971182786393e-03 9.041147314390883717e-06 8.403989328709875508e+02
8.683062943224266234e-06 9.032084835654100724e-03 9.785574036461648420e-06 8.230359501789878323e+02
9.596268644671809888e-06 9.775765374623837656e-03 1.059129509710058181e-05 8.060316937492085572e+02
1.060551702813251055e-05 1.058067881320708808e-02 1.146335732741829717e-05 7.893787521516267134e+02
1.172090899064813742e-05 1.145186692377599298e-02 1.240722310268254987e-05 7.730698670793690326e+02
1.295360774987573212e-05 1.239478660633527331e-02 1.342880455724298282e-05 7.570979301851248238e+02
1.431595056932200759e-05 1.341534406915130713e-02 1.453450061663196878e-05 7.414559799829211215e+02
1.582157223382321589e-05 1.451993182373348922e-02 1.573123707880117996e-05 7.261371988139077303e+02
1.748554151105460402e-05 1.571546872589501403e-02 1.702650999555255972e-05 7.111349098748302140e+02
1.932451196482209207e-05 1.700944331370005808e-02 1.842843262589388711e-05 6.964425743078966207e+02
2.135688862952629690e-05 1.840996071375518989e-02 1.994578625542274092e-05 6.820537883507684001e+02
2.360301221393297052e-05 1.992579340965409604e-02 2.158807520005861030e-05 6.679622805454328045e+02
2.608536267782306464e-05 2.156643619057612565e-02 2.336558633865235826e-05 6.541619090047428244e+02
2.882878421898598970e-05 2.334216562422273059e-02 2.528945354737023812e-05 6.406466587354301510e+02
3.186073392230153671e-05 2.526410442661505482e-02 2.737172743945292898e-05 6.274106390164256482e+02
3.521155655947396892e-05 2.734429113194864966e-02 2.962545084718163483e-05 6.144480808313463740e+02
3.891478828970649394e-05 2.959575549889957927e-02 3.206474051885111696e-05 6.017533343540269470e+02
4.300749230085444355e-05 3.203260012570764009e-02 3.470487554247848210e-05 5.893208664860007957e+02
4.753062975026671878e-05 3.467008878525289911e-02 3.756239305011148448e-05 5.771452584448593370e+02
5.252946971781603927e-05 3.752474203343381803e-02 4.065519180220348325e-05 5.652212034024356626e+02
5.805404227406576193e-05 4.061444068971348936e-02 4.400264430088135438e-05 5.535435041717844342e+02
6.415963919803180512e-05 4.395853783800972997e-02 4.762571813435506808e-05 5.421070709419495870e+02
7.090736735589122102e-05 4.757798004947400017e-02 5.154710731253954399e-05 5.309069190595331520e+02
7.836476027903762622e-05 5.149543858646767752e-02 5.579137441654136539e-05 5.199381668560976095e+02
8.660645406236217644e-05 5.573545140956402688e-02 6.038510445239872828e-05 5.091960335204544208e+02
9.571493434737733967e-05 6.032457687707127453e-02 6.535707137277495010e-05 4.986758370149124744e+02
1.057813618662415030e-04 6.529156009981165742e-02 7.073841830965510251e-05 4.883729920345779760e+02
1.169064848090065880e-04 7.066751299316008372e-02 7.656285264697734521e-05 4.782830080088150453e+02
1.292016471453667390e-04 7.648610915414248701e-02 8.286685715508394681e-05 4.684014871439981107e+02
1.427899029925310545e-04 8.278379478425444693e-02 8.968991850948478074e-05 4.587241225067007804e+02
1.578072481821884390e-04 8.960001697916657182e-02 9.707477462531588985e-05 4.492466961464875226e+02
1.744039813525010015e-04 9.697747081526517099e-02 1.050676823567336596e-04 4.399650772574890425e+02
1.927462081873919549e-04 1.049623667807154104e-01 1.137187072380448593e-04 4.308752203779602041e+02
2.130175038580601706e-04 1.136047202261665084e-01 1.230820370814371758e-04 4.219731636270356034e+02
2.354207503049955078e-04 1.229586646481448664e-01 1.332163213956065733e-04 4.132550269779147811e+02
2.601801667486300330e-04 1.330827907674617672e-01 1.441850387513128574e-04 4.047170105667244115e+02
2.875435537506589555e-04 1.440405135265367398e-01 1.560568943949477093e-04 3.963553930363191853e+02
3.177847732853505665e-04 1.559004693044139245e-01 1.689062506006651365e-04 3.881665299143014636e+02
3.512064896422329124e-04 1.687369458375249653e-01 1.828135924566901113e-04 3.801468520245506966e+02
3.881431985920325489e-04 1.826303475391123365e-01 1.978660320033719772e-04 3.722928639315723558e+02
4.289645751327756003e-04 1.976676991319555321e-01 2.141578538807752260e-04 3.646011424169864199e+02
4.740791733214203929e-04 2.139431907490263463e-01 2.317911059036038292e-04 3.570683349874923351e+02
5.239385152201790716e-04 3.445666731617091916e-01 3.733116718978431127e-04 6.543632909302896223e+02
5.790416098810777972e-04 3.806051912671016280e-01 4.123566535938262578e-04 6.536766277003353025e+02
6.399399475962725672e-04 4.203899399953974769e-01 4.554603900275162312e-04 6.529191811042959444e+02
7.072430193982554405e-04 4.643052856507477455e-01 5.030393127310376191e-04 6.520838433104065643e+02
7.816244170509641532e-04 5.127739260434820423e-01 5.555513824956468576e-04 6.511628330129318556e+02
8.638285745825581520e-04 5.662604722847105476e-01 6.134999699726008176e-04 6.501476403933532993e+02
9.546782188313851242e-04 6.252753124958173592e-01 6.774380417072777558e-04 6.490289695538598380e+02
1.055082603572707377e-03 6.903787677092371178e-01 7.479726627402352637e-04 6.477966787985950532e+02
1.166046609636095304e-03 7.621855475663796842e-01 8.257698240155792553e-04 6.464397192930347273e+02
1.288680802090521552e-03 8.413695098117434101e-01 9.115595989292994304e-04 6.449460728202166138e+02
1.424212545152845830e-03 9.286687228507048975e-01 1.006141628223948883e-03 6.433026895790418394e+02
1.573998286061427648e-03 1.024890824570368286e+00 1.110390925861720786e-03 6.414954272393152905e+02
1.739537130856006137e-03 1.130918662984422784e+00 1.225263990232310736e-03 6.395089927852186520e+02
1.922485847934813112e-03 1.247716194801557377e+00 1.351805194801253881e-03 6.373268890474319051e+02
2.124675449549560252e-03 1.376334606467283006e+00 1.491153419791205756e-03 6.349313682470818776e+02
2.348129517191480196e-03 1.517918608322510687e+00 1.644548871422005102e-03 6.323033953530450617e+02
2.595084454275039133e-03 1.673712836001890025e+00 1.813340017336825642e-03 6.294226245861503912e+02
2.868011868814990175e-03 1.845068273835541728e+00 1.998990545867325701e-03 6.262673929838088043e+02
3.169643310110120942e-03 2.033448592654113707e+00 2.203086232561336441e-03 6.228147355554357318e+02
3.502997607006742061e-03 2.240436268960282806e+00 2.427341569837792798e-03 6.190404271945966457e+02
3.871411081352442961e-03 2.467738323994445260e+00 2.673605984826051343e-03 6.149190571409059203e+02
4.278570939026521240e-03 2.717191490063546766e+00 2.943869436688566384e-03 6.104241423651213836e+02
4.728552172735733285e-03 2.990766578163904121e+00 3.240267148606613360e-03 6.055282867332319938e+02
5.225858345910956021e-03 3.290571786301883073e+00 3.565083192093047772e-03 6.002033931233515887e+02
5.775466665883704880e-03 3.618854653321076142e+00 3.920752603814817161e-03 5.944209357405389937e+02
6.382877797450002208e-03 3.978002330315805857e+00 4.309861679648760782e-03 5.881522996008259270e+02
7.054170915372496783e-03 4.370539813271798302e+00 4.735146059882771458e-03 5.813691934239677721e+02
7.796064546804764780e-03 4.799125759490086907e+00 5.199486196630646352e-03 5.740441408620291668e+02
8.615983812569241729e-03 5.266545500335762853e+00 5.705899783679049993e-03 5.661510529729462178e+02
9.522134740262082342e-03 5.775700868224690865e+00 6.257530734804648415e-03 5.576658820096076852e+02
1.052358639293547900e-02 6.329596481291430266e+00 6.857634324259404522e-03 5.485673528472337921e+02
1.163036163532891153e-02 6.931322179841107989e+00 7.509558158007701052e-03 5.388377636747327415e+02
1.285353744606826214e-02 7.584031389245747157e+00 8.216718731577190779e-03 5.284638419631546640e+02
1.420535577979099677e-02 8.290915298414994083e+00 8.982573454404110466e-03 5.174376353324121283e+02
1.569934608874284585e-02 9.055172893904234854e+00 9.810588184078261609e-03 5.057574100311618963e+02
1.735046073008328360e-02 9.879977077386632445e+00 1.070420051721195261e-02 4.934285227388280077e+02
1.917522461410164220e-02 1.076843731571469398e+01 1.166677932363455530e-02 4.804642248651040859e+02
2.119190059107349533e-02 1.172355952125751521e+01 1.270158127980229243e-02 4.668863531774364333e+02
2.342067223200458917e-02 1.274820412416255699e+01 1.381170544329637755e-02 4.527258572519394875e+02
2.588384583259337526e-02 1.384504356139851566e+01 1.500004719544801267e-02 4.380231137710735538e+02
2.860607366213578640e-02 1.501652064920822660e+01 1.626925314107066645e-02 4.228279808628553837e+02
3.161460069172225551e-02 1.626480950195063357e+01 1.762167876701043606e-02 4.071995530692902889e+02
3.493953727106573898e-02 1.759178078588702121e+01 1.905935079727737874e-02 3.912055893806608537e+02
3.861416048300208431e-02 1.899897312726563214e+01 2.058393621588909192e-02 3.749216028411216257e+02
4.267524719171986863e-02 2.048757241068593871e+01 2.219671983822961783e-02 3.584296197274888982e+02
4.716344211797831448e-02 2.205840049480196186e+01 2.389859208537590748e-02 3.418166378654140090e+02
5.212366462513384063e-02 2.371191453759369594e+01 2.569004825308092779e-02 3.251728354241116108e+02
5.760555828722640354e-02 2.544821767533269252e+01 2.757120008161721703e-02 3.085896013628002379e+02
6.366398773855432014e-02 2.726708126402160559e+01 2.954179985267779696e-02 2.921574743879766629e+02
7.035958777737495728e-02 2.916797830737941766e+01 3.160127660604487160e-02 2.759640868941763188e+02
7.775937021934570259e-02 3.115012710760893810e+01 3.374878343186233504e-02 2.600922125598608545e+02
8.593739457429859507e-02 3.321254363370513829e+01 3.598325420769787203e-02 2.446180105376955680e+02
9.497550925870688887e-02 3.535410065370469823e+01 3.830346766381874379e-02 2.296095459416256688e+02
1.049641707621474102e-01 3.757359136020526336e+01 4.070811631658208252e-02 2.151256469269690115e+02
1.160033489662516681e-01 3.986979505748747243e+01 4.319587763541438141e-02 2.012151351398688632e+02
1.282035276768822563e-01 4.224154248221658037e+01 4.576548481280236225e-02 1.879164411497122273e+02
1.416868103831968873e-01 4.468777848983812362e+01 4.841579468021465354e-02 1.752575921961724816e+02
1.565881423104081294e-01 4.720762013244140576e+01 5.114585063103077589e-02 1.632565384086318829e+02
1.730566609969541592e-01 4.980040854705049469e+01 5.395493883754116232e-02 1.519217672478663133e+02
1.912571889131102210e-01 5.246575352593017527e+01 5.684263653946931144e-02 1.412531452117403887e+02
2.113718830596698905e-01 5.520357011159421035e+01 5.980885169186805211e-02 1.312429210232582193e+02
2.336020580564341365e-01 5.801410701153157135e+01 6.285385375030505539e-02 1.218768251080358738e+02
2.581702009665903796e-01 6.089796703115406018e+01 6.597829580840093577e-02 1.131352052105857666e+02
2.853221980220215781e-01 6.385612005718369488e+01 6.918322866433769536e-02 1.049941462587316181e+02
3.153297955353597803e-01 6.688990937633674605e+01 7.247010766667036363e-02 9.742653275343006669e+01
3.484933196284202839e-01 7.000105228328607154e+01 7.584079337300765611e-02 9.040302282223159125e+01
3.851446819969719382e-01 7.319163602232133314e+01 7.929754715311086721e-02 8.389291362342073910e+01
4.256507017945473925e-01 7.646411012889372216e+01 8.284302289154249488e-02 7.786488728818191873e+01
4.704167768818243722e-01 7.982127620341260865e+01 8.648025590835602128e-02 7.228763458180307566e+01
5.198909411846736051e-01 8.326627607448853041e+01 9.021265013487381190e-02 6.713035974481300627e+01
5.745683487682791135e-01 8.680257920614690192e+01 9.404396447036500462e-02 6.236317453571906810e+01
6.349962295054488726e-01 9.043397008576769736e+01 9.797829911784149137e-02 5.795739247746037393e+01
7.017793659371125425e-01 9.416453620696626103e+01 1.020200825644271558e-01 5.388573593666601624e+01
7.755861461392655753e-01 9.799865714231168567e+01 1.061740597424828680e-01 5.012246920534287398e+01
8.571552531754867976e-01 1.019409950903853286e+02 1.104452817880664517e-01 4.664347047936275459e+01
9.473030580853182281e-01 1.059964871838617597e+02 1.148390977073258518e-01 4.342625478646851889e+01
1.046931790400021267e+00 1.101703397619676110e+02 1.193611481711458339e-01 4.044995872224194500e+01
1.157038567958974529e+00 1.144680247424211075e+02 1.240173615844215732e-01 3.769529647769250147e+01
1.278725376400154268e+00 1.188952781743730043e+02 1.288139525182806222e-01 3.514449521725864400e+01
1.413210098202788645e+00 1.234581010139075516e+02 1.337574225502790315e-01 3.278121648355325135e+01
1.561838701664554296e+00 1.281627621358760507e+02 1.388545635274930079e-01 3.059046902546667468e+01
1.726098711804695540e+00 1.330158035786278390e+02 1.441124632487842117e-01 2.855851730390667242e+01
1.907634098014390656e+00 1.380240480099387241e+02 1.495385135535630683e-01 2.667278893974437182e+01
2.108261727454977308e+00 1.431946084015902443e+02 1.551404208034563859e-01 2.492178353286909243e+01
2.329989548875171401e+00 1.485348999052356191e+02 1.609262187489010065e-01 2.329498459187538728e+01
2.575036688837040622e+00 1.540526539322146391e+02 1.669042837835478243e-01 2.178277575754376727e+01
2.845855661480511944e+00 1.597559344538522623e+02 1.730833526043903114e-01 2.037636206388414450e+01
3.145156914109201285e+00 1.656531565557060048e+02 1.794725423138743281e-01 1.906769664119998708e+01
3.475935954258041694e+00 1.717531072986019467e+02 1.860813730212372008e-01 1.784941300997319757e+01
3.841503329739517802e+00 1.780649689606682102e+02 1.929197930234758385e-01 1.671476292718027423e+01
4.245517761718886618e+00 1.845983447576504943e+02 1.999982066713439921e-01 1.565755961442476973e+01
4.692022762425336779e+00 1.913632871633851664e+02 2.073275050524216456e-01 1.467212610833125019e+01
5.185487103981452961e+00 1.983703289783543084e+02 2.149190996515214502e-01 1.375324841814967591e+01
5.730849543376622002e+00 2.056305173217641595e+02 2.227849591785093786e-01 1.289613314533031918e+01
6.333568251206956212e+00 2.131554507516686101e+02 2.309376497851231003e-01 1.209636920835069951e+01
6.999675438881175715e+00 2.209573197484620266e+02 2.393903789257443293e-01 1.134989331804879775e+01
7.735837731019882035e+00 2.290489508297909822e+02 2.481570431525362830e-01 1.065295886001848835e+01
8.549422887275490268e+00 2.374438545998433767e+02 2.572522801731780828e-01 1.000210785807455238e+01
9.448573541347220939e+00 2.461562780733668774e+02 2.666915255399424645e-01 9.394145713990313951e+00
1.044228869519599634e+01 2.552012616549699828e+02 2.764910743824159911e-01 8.826118441862332631e+00
1.154051378408073170e+01 2.645947011976550698e+02 2.866681486431799097e-01 8.295292139268577003e+00
1.275424021381718553e+01 2.743534156115260316e+02 2.972409703266803982e-01 7.799134460944198821e+00
1.409561536646170410e+01 2.844952205446565472e+02 3.082288413268218230e-01 7.335297883382953188e+00
1.557806417539370969e+01 2.950390087136846660e+02 3.196522304590299624e-01 6.901604570184249887e+00
1.721642348656124710e+01 3.060048375223574908e+02 3.315328683882529659e-01 6.496032667874525046e+00
1.902709055062206289e+01 3.174140246725571046e+02 3.438938512162048600e-01 6.116703880224031664e+00
2.102818713213949664e+01 3.292892525449370851e+02 3.567597535698126543e-01 5.761872185732054952e+00
2.323974087829315849e+01 3.416546822058814428e+02 3.701567521190481380e-01 5.429913577996973828e+00
2.568388576230344356e+01 3.545360779848119819e+02 3.841127605469252249e-01 5.119316722196258773e+00
2.838508360767499283e+01 3.679609436617534470e+02 3.986575770983244449e-01 4.828674432971328478e+00
3.137036891034823327e+01 3.819586714104165708e+02 4.138230459484469881e-01 4.556675889753662112e+00
3.466961940902135808e+01 3.965607047578717470e+02 4.296432337571741700e-01 4.302099515097226323e+00
3.831585511160147917e+01 4.118007169492559569e+02 4.461546229136034158e-01 4.063806450012699578e+00
4.234556877054216528e+01 4.277148062460602205e+02 4.633963231268258265e-01 3.840734567743970373e+00
4.679909111457562432e+01 4.443417098407277877e+02 4.814103031860539339e-01 3.631892973991419638e+00
5.172099449220149836e+01 4.617230382399586119e+02 5.002416448970299356e-01 3.436356947368261139e+00
5.716053896673192725e+01 4.799035321558918668e+02 5.199388214039998291e-01 3.253263278965369931e+00
6.317216532756204117e+01 4.989313441499351143e+02 5.405540023292905172e-01 3.081805974378300839e+00
6.981603995188844181e+01 5.188583475003703143e+02 5.621433884077684517e-01 2.921232285490812153e+00
7.715865697003474111e+01 5.397404750141001841e+02 5.847675785634888213e-01 2.770839042777843986e+00
8.527350376105738405e+01 5.616380907773234412e+02 6.084919726731564671e-01 2.629969261945830361e+00
9.424179643913511484e+01 5.846163981421144626e+02 6.333872135884229815e-01 2.498009001420789410e+00
1.041532926917374056e+02 6.087458875786509225e+02 6.595296723495676083e-01 2.374384449570467570e+00
1.151071901047292414e+02 6.341028283892770787e+02 6.870019809201268757e-01 2.258559222645438069e+00
1.272131189651518923e+02 6.607698086841445502e+02 7.158936172092573713e-01 2.150031856280622655e+00
1.405922394779836964e+02 6.888363284625938832e+02 7.463015476301125828e-01 2.048333475043557339e+00
1.553784543781947605e+02 7.183994511338637494e+02 7.783309329727667869e-01 1.953025625975405521e+00
1.717197490743248807e+02 7.495645193497399532e+02 8.120959039542144930e-01 1.863698263368581465e+00
1.897796727361917419e+02 7.824459416153694065e+02 8.477204134511044931e-01 1.779967873180825944e+00
2.097389751499532906e+02 8.171680567982452885e+02 8.853391731291931910e-01 1.701475726517333698e+00
2.317974157227196486e+02 8.538660843753835934e+02 9.250986829635792219e-01 1.627886252535287737e+00
2.561757627418409697e+02 8.926871690517068600e+02 9.671583630029326750e-01 1.558885521952115383e+00
2.831180028981301007e+02 9.337915292560071521e+02 1.011691797677147564e+00 1.494179833081469289e+00
3.128937831866707597e+02 9.773537199827374025e+02 1.058888103989964691e+00 1.433494392989386634e+00
3.458011096245760427e+02 1.023564021507263647e+03 1.108953436085876154e+00 1.376572086965956121e+00
3.821693297953709134e+02 1.072629966668957422e+03 1.162112639944699266e+00 1.323172330052689638e+00
4.223624290703056090e+02 1.124778020701559399e+03 1.218611073349468388e+00 1.273069994859363785e+00
4.667826734962909541e+02 1.180255429005542283e+03 1.278716607806654748e+00 1.226054410351883117e+00
5.158746358097018856e+02 1.239332249815996420e+03 1.342721830786561599e+00 1.181928426700076251e+00
5.701296448697494270e+02 1.302303590436388959e+03 1.410946468511797391e+00 1.140507541645299661e+00
6.300907030428447797e+02 1.369492067599431721e+03 1.483740051570348495e+00 1.101619084186456377e+00
6.963579207527919834e+02 1.441250514598913242e+03 1.561484847886146499e+00 1.065101451692678003e+00
7.695945225876132554e+02 1.517964960130112331e+03 1.644599090065127056e+00 1.030803396834550467e+00
8.505334850741435275e+02 1.600057906302761012e+03 1.733540526871897081e+00 9.985833609859857685e-01
9.399848725534726555e+02 1.687991936073056195e+03 1.828810331606778083e+00 9.683088509878723382e-01
1.038843944577143475e+03 1.782273683405887141e+03 1.930957403473333889e+00 9.398558563846490799e-01
1.148100115965650502e+03 1.883458202853887997e+03 2.040583101683518752e+00 9.131083044475606370e-01
1.268846859204517159e+03 1.992153778957675286e+03 2.158346456075487918e+00 8.879575504853727264e-01
1.402292648284460256e+03 2.109027219966361827e+03 2.284969902455429747e+00 8.643019011159429610e-01
1.549773053515270476e+03 2.234809684887455205e+03 2.421245595761056357e+00 8.420461683317717050e-01
1.594012086000000181e+03 2.271926742101993113e+03 2.461459092201509158e+00 8.360222395820426922e-01
